13410000068
13410010068
13410020068
13410030068
13410040068
13410050068
13410060068
13410070068
13410080068
13410090068
13410100068
13410110068
13410120068
13410130068
13410140068
13410150068
13410160068
13410170068
13410180068
13410190068
13410200068
13410210068
13410220068
13410230068
13410240068
13410250068
13410260068
13410270068
13410280068
13410290068
13410300068
13410310068
13410320068
13410330068
13410340068
13410350068
13410360068
13410370068
13410380068
13410390068
13410400068
13410410068
13410420068
13410430068
13410440068
13410450068
13410460068
13410470068
13410480068
13410490068
13410500068
13410510068
13410520068
13410530068
13410540068
13410550068
13410560068
13410570068
13410580068
13410590068
13410600068
13410610068
13410620068
13410630068
13410640068
13410650068
13410660068
13410670068
13410680068
13410690068
13410700068
13410710068
13410720068
13410730068
13410740068
13410750068
13410760068
13410770068
13410780068
13410790068
13410800068
13410810068
13410820068
13410830068
13410840068
13410850068
13410860068
13410870068
13410880068
13410890068
13410900068
13410910068
13410920068
13410930068
13410940068
13410950068
13410960068
13410970068
13410980068
13410990068
13411850068
13411860068
13411870068
13411880068
13411890068
13414450068
13414460068
13414470068
13414480068
13414490068
13417300068
13417310068
13417320068
13417330068
13417340068
13417350068
13417360068
13417370068
13417380068
13417390068
13417400068
13417410068
13417420068
13417430068
13417440068
13417450068
13417460068
13417470068
13417480068
13417490068
13417500068
13417510068
13417520068
13417530068
13417540068
13417550068
13417560068
13417570068
13417580068
13417590068
13418450068
13418460068
13418470068
13418480068
13418490068
13418500068
13418510068
13418520068
13418530068
13418540068
13418550068
13418560068
13418570068
13418580068
13418590068
13418600068
13418610068
13418620068
13418630068
13418640068
13418650068
13418660068
13418670068
13418680068
13418690068
13418700068
13418710068
13418720068
13418730068
13418740068
13418750068
13418760068
13418770068
13418780068
13418790068
13418800068
13418810068
13418820068
13418830068
13418840068
13418850068
13418860068
13418870068
13418880068
13418890068
13418900068
13418910068
13418920068
13418930068
13418940068
13418950068
13418960068
13418970068
13418980068
13418990068
13420900068
13420910068
13420920068
13420930068
13420940068
13420950068
13420960068
13420970068
13420980068
13420990068
13421300068
13421310068
13421320068
13421330068
13421340068
13421350068
13421360068
13421370068
13421380068
13421390068
13421800068
13421810068
13421820068
13421830068
13421840068
13422850068
13422860068
13422870068
13422880068
13422890068
13423700068
13423710068
13423720068
13423730068
13423740068
13423750068
13423760068
13423770068
13423780068
13423790068
13423800068
13423810068
13423820068
13423830068
13423840068
13423850068
13423860068
13423870068
13423880068
13423890068
13423900068
13423910068
13423920068
13423930068
13423940068
13423950068
13423960068
13423970068
13423980068
13423990068
13424150068
13424160068
13424170068
13424180068
13424190068
13424200068
13424210068
13424220068
13424230068
13424240068
13424250068
13424260068
13424270068
13424280068
13424290068
13424300068
13424310068
13424320068
13424330068
13424340068
13424350068
13424360068
13424370068
13424380068
13424390068
13424400068
13424410068
13424420068
13424430068
13424440068
13425100068
13425110068
13425120068
13425130068
13425140068
13425150068
13425160068
13425170068
13425180068
13425190068
13427900068
13427910068
13427920068
13427930068
13427940068
13427950068
13427960068
13427970068
13427980068
13427990068
13428650068
13428660068
13428670068
13428680068
13428690068
13428700068
13428710068
13428720068
13428730068
13428740068
13428750068
13428760068
13428770068
13428780068
13428790068
13428900068
13428910068
13428920068
13428930068
13428940068
13428950068
13428960068
13428970068
13428980068
13428990068
13430400068
13430410068
13430420068
13430430068
13430440068
13430450068
13430460068
13430470068
13430480068
13430490068
13430500068
13430510068
13430520068
13430530068
13430540068
13430550068
13430560068
13430570068
13430580068
13430590068
13430600068
13430610068
13430620068
13430630068
13430640068
13430650068
13430660068
13430670068
13430680068
13430690068
13430700068
13430710068
13430720068
13430730068
13430740068
13430750068
13430760068
13430770068
13430780068
13430790068
13430800068
13430810068
13430820068
13430830068
13430840068
13430850068
13430860068
13430870068
13430880068
13430890068
13430900068
13430910068
13430920068
13430930068
13430940068
13430950068
13430960068
13430970068
13430980068
13430990068
13434400068
13434410068
13434420068
13434430068
13434440068
13434450068
13434460068
13434470068
13434480068
13434490068
13434700068
13434710068
13434720068
13434730068
13434740068
13434750068
13434760068
13434770068
13434780068
13434790068
13441230068
13480100068
13480110068
13480120068
13480130068
13480140068
13480150068
13480160068
13480170068
13480180068
13480190068
13480600068
13480610068
13480620068
13480630068
13480640068
13480650068
13480660068
13480670068
13480680068
13480690068
13480700068
13480710068
13480720068
13480730068
13480740068
13480750068
13480760068
13480770068
13480780068
13480790068
13480800068
13480810068
13480820068
13480830068
13480840068
13480850068
13480860068
13480870068
13480880068
13480890068
13480900068
13480910068
13480920068
13480930068
13480940068
13480950068
13480960068
13480970068
13480980068
13480990068
